10 0
2.11356513339579
-0.489842528002361
2.11664024794484
0
0
2.00552915618219
0
0
0
2.00552915618219
-0.0483298744268029
0.231799339326852
0
0
0.869221873944708
-0.00589236693474171
0.0365854278277715
0
0
0.00713886518556496
2.11356513339579
0.0365854278277715
-0.205449396913306
0
0
0.0150476199309309
-0.489842528002361
2.11664024794484
0
0
-0.10530376979233
0
0
0
0
2.00552915618219
0
0
0
-0.10530376979233
0
0
0
0
2.00552915618219
-0.00713886518556496
-0.0150476199309309
0
0
-0.84896949928021
0.0483298744268029
-0.231799339326852
0
0
0.869221873944708
