30 0
2.00134617533812
0.00467937240737605
-0.00038274499998242
-0.00670356229845205
0.00467937240737605
0
0
1.90157960215408
0.024729080120252
0.00522370965222966
0
-0.105429541977398
-0.00670356229845205
0
0.0552077215447421
-0.0156490551091225
0
-0.105429541977398
-0.0104474194997026
0
0
0
0
0.13122331785218
0
0
0
0.012348347768451
0
0.276272370567936
0
0
0
0
0
0
0.0064532293188739
0
0
0
0
0.05520772337234
0
0
0.000128940845041974
-0.000529824901764301
0
0.371475991331678
0.766509392897367
0
0
0.0123483472337694
0
0
0
0
0.0410092601516975
0
0
0
-0.0156490551091225
0
-0.000716037826819368
0
0
-0.012348347768451
0
-0.00270892247745277
0
0
0
0.276272370567936
-0.0246966950022204
0
0
-0.0287476688139051
0
0
-0.000529824874879377
0
-0.065127553828732
-0.00994153905594634
0.766509408310509
0.371475991331678
0
0
0
-0.00243538747834122
0
0
-0.0552077215447421
0
0
0.00564807398394023
0
0
0
0
0
0
0
0.00243538747834122
0
0
0.00522370965222966
0.00105964977664368
-0.00270892254170383
0
0
0
0
0
0
-0.000716038459322985
0
0.000205536721308491
0
0
0
0
-0.00131118096288074
0
0
0
-0.00994154770848987
1.23526065906414
-0.00994153905594634
0
0
-0.00243538739041511
0
0
0.000716037826819368
0
0
-0.00038274499998242
-0.0183508663634133
0.0054178450191566
0.00564807377495
0
0
0
0
0
0.0064532293188739
0
0
0
0
-0.0123483472337694
0
0.024729080120252
-0.00038274499998242
0.000578294898416959
-0.0183508663634133
0
-0.0552077215447421
0
0
0
0
0.0410092601516975
0.00487077486875633
0.000205536713872296
0
0
0
-0.05520772337234
-0.0104474194997026
2.00134617533812
0
0
0.0389513841328734
-0.0112961477588902
0
0
-0.186598081806764
0.00012894062318965
-0.00994154770848987
-0.065127553828732
-0.000529824901764301
0
0
0
0
0
0
0.00467937240737605
0.024729080120252
0.00522370965222966
0
-0.186621016158831
0.000578294898416959
0
0
0.0164263520650212
0
0
0
-0.00270892247745277
-0.000411073435180787
0
0
0.00243538739041511
0
0
-0.00670356229845205
0.00467937240737605
0
-0.0552077215447421
0.0159592420686227
0
-0.186621016158831
0
0
0
0
0
0
0.00564807398394023
0
0
-0.00397632768287535
0.000205536713872296
0.000716038459322985
0.0246966950022204
0
1.90157960215408
-0.0104474194997026
0
0
0
0
0.127649916780842
0
-0.05520772337234
0
0
0.000128940845041974
-0.186598081806764
0
0
0
0
0
0
0
0
-0.105429541977398
-0.00670356229845205
0
0
-0.012348347768451
0
0.50963801944325
0
0
0
0.0164263513978732
0
0
0
0
0
0
0
0
0
0
0.0156490551091225
0
-0.105429541977398
0
0
0
0
-0.000378531827270971
0
0
0
0
0
0.000716037826819368
0
0
0.0164263520650212
0
0
0
0.000205536706436101
0
-0.00487077486875633
0
0
0.13122331785218
0
-0.05520772337234
0
0
0.000128940845041974
0.000191372493101605
0
-0.337179437878068
0.766509392897367
0
-0.0328527034628944
0
0
0.0334184556370593
0
0
0
-0.000529824874879377
0
0
-0.000411073435180787
0
-0.276272370567936
0
0
0
-0.0123483472337694
0
0
0
0
-0.134022083002787
0
0
0
-0.0159592420686227
0
0
-0.00292058651955161
0
0
-0.0552077215447421
-0.00270892254170383
-0.000411073420308397
0
0
-0.0064532293188739
0
0
0
0
0
0.000716037826819368
0
0
0.012348347768451
0
-0.0123645401848803
0
0
0
-0.50963801944325
0
0
0
-0.00292058651955161
0
0
0.00564807377495
0
-0.00397632786618339
0
-0.000529824901764301
0
-0.371475991331678
0.766509392897367
0
0.0246966950022204
0
0
-0.0287476688139051
0
0
0.000191372506880815
0
0.0610432536378799
-0.00994153905594634
0.766509408310509
0.337179437878068
0
0.000716038459322985
0
0.00025594303458074
0
0
0
0
0
-0.000411073420308397
0
-0.0410092601516975
0
0
0
0.0156490551091225
0
0
0.00243538747834122
0
0
0.0552077215447421
0
0
0.0052237098474729
0
0
0
0
0
-0.00292058641589619
0
0
0.000716037826819368
0
0
0.00105964977664368
0
0
-0.00270892247745277
0
0
0
-0.276272370567936
0
0
0
-0.00243538747834122
0
0
0.00522370965222966
-0.00038274499998242
-0.0123645399353716
0
0
0
0
0
0
0
0
0
0
0.0164263513978732
0
0.0054178450191566
0.000822146855489185
-0.000529824874879377
0
0.065127553828732
-0.00994153905594634
0.766509408310509
-0.371475991331678
0
0.000716038459322985
0
0.000205536721308491
0
0
0
0
