INTGRL        1    0    1    0    0    0    0    0    0
         *** CFOUR Program System (Release V0.1) *** 
nih test
    1    3 X  Y   Z   0.10E-08              0    0
   9999.00      3.00
          7.00000000    1    3    1    1    1
N #1  -0.000000000000000   0.000000000000000   1.133835912400593
    9    3
   9046.0000000000000        6.9999999999999999E-004  -1.5300000000000001E-004   0.0000000000000000     
   1357.0000000000000        5.3889999999999997E-003  -1.2080000000000001E-003   0.0000000000000000     
   309.30000000000001        2.7406000000000000E-002  -5.9919999999999999E-003   0.0000000000000000     
   87.730000000000004       0.10320699999999999       -2.4544000000000000E-002   0.0000000000000000     
   28.559999999999999       0.27872300000000000       -6.7459000000000005E-002   0.0000000000000000     
   10.210000000000001       0.44853999999999999      -0.15807800000000000        0.0000000000000000     
   3.8380000000000001       0.27823799999999999      -0.12183099999999999        0.0000000000000000     
  0.74660000000000004        1.5440000000000001E-002  0.54900300000000002        0.0000000000000000     
  0.22480000000000000       -2.8639999999999998E-003  0.57881499999999997        1.0000000000000000     
    4    2
   13.550000000000001        3.9919000000000003E-002   0.0000000000000000     
   2.9169999999999998       0.21716900000000000        0.0000000000000000     
  0.79730000000000001       0.51031899999999997        0.0000000000000000     
  0.21850000000000000       0.46221400000000001        1.0000000000000000     
    1    1
  0.81699999999999995        1.0000000000000000     
FINISH
