INTGRL        1    0    1    0    0    0    0    0    0
         *** CFOUR Program System (Release V0.1) *** 
nih test
    1    3 X  Y   Z   0.10E-08              0    0
   9999.00      3.00
          9.00000000    1    2    1    1
F #1  -0.000000000000000   0.000000000000000   1.334052437265332
   12    2
   1728.6265739999999        9.1635999999999992E-003   0.0000000000000000     
   316.94179000000003        4.9361500000000003E-002   0.0000000000000000     
   88.668891000000002       0.16853830000000000        0.0000000000000000     
   30.460156999999999       0.37056280000000003        0.0000000000000000     
   11.828569999999999       0.41649150000000001        0.0000000000000000     
   4.8716590000000002       0.13033410000000001        0.0000000000000000     
   67.032280999999998        0.0000000000000000       -1.3252800000000000E-002
   13.267438000000000        0.0000000000000000       -4.6991699999999997E-002
   4.1235099999999996        0.0000000000000000       -3.3785400000000000E-002
   1.5864630000000000        0.0000000000000000       0.25024180000000001     
  0.68900200000000000        0.0000000000000000       0.59511729999999996     
  0.31581999999999999        0.0000000000000000       0.24070620000000001     
    6    1
   67.032280999999998        3.7596999999999999E-003
   13.267438000000000        3.7679400000000002E-002
   4.1235099999999996       0.17389669999999999     
   1.5864630000000000       0.41803639999999997     
  0.68900200000000000       0.42585950000000000     
  0.31581999999999999       0.10170830000000000     
FINISH
