30 0
1.99999259029261
2.98194701390393e-06
2.05858698206562e-25
9.98166280126664e-07
2.98194701390393e-06
0
0
4.44602046872066e-12
3.06931002464393e-31
-5.1919779622624e-32
0
1.48824499293161e-12
9.98166280126664e-07
0
0
1.21604830708197e-13
0
1.48824499293161e-12
1.03839559245248e-31
0
0
0
0
4.98169807037202e-13
0
0
0
-1.28099733823e-34
0
1.81310252631261e-19
0
0
0
0
0
0
-1.67841065899612e-13
0
0
0
0
0
0
0
0
1.39937102281271e-17
0
6.0691145608533e-20
0
0
0
-1.28099733823e-34
0
0
0
0
-2.50247509765313e-19
0
0
0
1.21604830708197e-13
0
0
0
0
1.28099733823e-34
0
2.08643285133848e-23
0
0
0
1.81310252631261e-19
2.56199467646001e-34
0
0
3.74579309227647e-29
0
0
1.39937102281271e-17
0
-8.37669565450825e-20
0
0
6.0691145608533e-20
0
0
0
1.56153182137971e-33
0
0
0
0
0
6.98405071667614e-24
0
0
0
0
0
0
0
-1.56153182137971e-33
0
0
-5.1919779622624e-32
-2.79874204562541e-17
2.08643285133848e-23
0
0
0
0
0
0
0
0
-1.44036883194636e-42
0
0
0
0
0
0
0
0
0
7.3938949866611e-27
0
0
0
1.56153182137971e-33
0
0
0
0
0
2.05858698206562e-25
0
-4.17286570267697e-23
6.98405071667614e-24
0
0
0
0
0
-1.67841065899612e-13
0
0
0
0
1.28099733823e-34
0
3.06931002464393e-31
2.05858698206562e-25
-7.85044958591863e-17
0
0
0
0
0
0
0
-2.50247509765313e-19
-3.12306364275942e-33
-1.44036883194636e-42
0
0
0
0
1.03839559245248e-31
1.99999259029261
0
0
0
-1.39681014333523e-23
0
0
-1.02051820538593e-26
0
0
-8.37669565450825e-20
1.39937102281271e-17
0
0
0
0
0
0
2.98194701390393e-06
3.06931002464393e-31
-5.1919779622624e-32
0
-1.1704858103115e-22
-7.85044958591863e-17
0
0
8.5085453392799e-31
0
0
0
2.08643285133848e-23
2.88073766389271e-42
0
0
-1.56153182137971e-33
0
0
9.98166280126664e-07
2.98194701390393e-06
0
0
1.83072250019412e-17
0
-1.1704858103115e-22
0
0
0
0
0
0
6.98405071667614e-24
0
0
0
-1.44036883194636e-42
0
-2.56199467646001e-34
0
4.44602046872066e-12
1.03839559245248e-31
0
0
0
0
-7.83608227551943e-23
0
0
0
0
0
-1.02051820538593e-26
0
0
0
0
0
0
0
0
1.48824499293161e-12
9.98166280126664e-07
0
0
1.28099733823e-34
0
2.72956885902356e-23
0
0
0
8.5085453392799e-31
0
0
0
0
0
0
0
0
0
0
-1.21604830708197e-13
0
1.48824499293161e-12
0
0
0
0
-2.23174179369269e-16
0
0
0
0
0
0
0
0
8.5085453392799e-31
0
0
0
-1.44036883194636e-42
0
3.12306364275942e-33
0
0
4.98169807037202e-13
0
0
0
0
0
-1.02929349103281e-25
0
9.13686596382912e-24
0
0
-1.70170906785598e-30
0
0
1.40853887888209e-26
0
0
0
1.39937102281271e-17
0
0
2.88073766389271e-42
0
-1.81310252631261e-19
0
0
0
1.28099733823e-34
0
0
0
0
-3.3274802165807e-22
0
0
0
-1.83072250019412e-17
0
0
-1.17436397114776e-30
0
0
0
2.08643285133848e-23
2.88073766389271e-42
0
0
1.67841065899612e-13
0
0
0
0
0
0
0
0
-1.28099733823e-34
0
-1.53465501232196e-31
0
0
0
-2.72956885902356e-23
0
0
0
-1.17436397114776e-30
0
0
6.98405071667614e-24
0
0
0
1.39937102281271e-17
0
-6.0691145608533e-20
0
0
-2.56199467646001e-34
0
0
3.74579309227647e-29
0
0
-1.02929349103281e-25
0
-1.11382889466126e-22
0
0
-9.13686596382912e-24
0
0
0
9.7912325725236e-35
0
0
0
0
0
2.88073766389271e-42
0
2.50247509765313e-19
0
0
0
-1.21604830708197e-13
0
0
-1.56153182137971e-33
0
0
0
0
0
-5.1919779622624e-32
0
0
0
0
0
-1.17436397114776e-30
0
0
0
0
0
-2.79874204562541e-17
0
0
2.08643285133848e-23
0
0
0
-1.81310252631261e-19
0
0
0
1.56153182137971e-33
0
0
-5.1919779622624e-32
2.05858698206562e-25
-1.53465501232196e-31
0
0
0
0
0
0
0
0
0
0
8.5085453392799e-31
0
-4.17286570267697e-23
-5.76147532778543e-42
1.39937102281271e-17
0
8.37669565450825e-20
0
0
-6.0691145608533e-20
0
0
0
-1.44036883194636e-42
0
0
0
0
