INTGRL        1    0    1    0    0    0    0    0    0
         *** CFOUR Program System (Release V0.1) *** 
nih test
    1    3 X  Y   Z   0.10E-08              0    0
   9999.00      3.00
          2.00000000    1    3    1    1    1
HE#1  -0.000000000000058   0.000000000000000 944.863260333827839
    6    3
   234.00000000000000        2.5869999999999999E-003   0.0000000000000000        0.0000000000000000     
   35.159999999999997        1.9532999999999998E-002   0.0000000000000000        0.0000000000000000     
   7.9889999999999999        9.0997999999999996E-002   0.0000000000000000        0.0000000000000000     
   2.2120000000000002       0.27205000000000001        0.0000000000000000        0.0000000000000000     
  0.66690000000000005       0.47806500000000002        1.0000000000000000        0.0000000000000000     
  0.20890000000000000       0.30773699999999998        0.0000000000000000        1.0000000000000000     
    2    2
   3.0440000000000000        1.0000000000000000        0.0000000000000000     
  0.75800000000000001        0.0000000000000000        1.0000000000000000     
    1    1
   1.9650000000000001        1.0000000000000000     
FINISH
